17380 / 20995
Passes: 0.8278161467015956
+------------+----------------+----------------+---------------+----------------+----------------+----------------+-----------+-----------+
|            |    NumNodes    |    NumEdges    |    AbsInst    |    RelInst     |   NodeDegree   |      a2a       | cvgSource | cvgTarget |
+------------+----------------+----------------+---------------+----------------+----------------+----------------+-----------+-----------+
|  NumNodes  |      1, 0      |    0.93, 0     |    0.58, 0    |    0.59, 0     |    0.69, 0     | 0.23, 2.9e-254 |  0.45, 0  |  0.49, 0  |
|  NumEdges  |    0.93, 0     |      1, 0      |    0.63, 0    |    0.71, 0     |    0.83, 0     | 0.25, 9.7e-302 |  0.51, 0  |  0.55, 0  |
|  AbsInst   |    0.58, 0     |    0.63, 0     |      1, 0     |    0.81, 0     |    0.43, 0     | 0.2, 3.3e-192  |  0.44, 0  |  0.46, 0  |
|  RelInst   |    0.59, 0     |    0.71, 0     |    0.81, 0    |      1, 0      |    0.56, 0     | 0.22, 9.8e-235 |  0.48, 0  |  0.52, 0  |
| NodeDegree |    0.69, 0     |    0.83, 0     |    0.43, 0    |    0.56, 0     |      1, 0      | 0.18, 1.3e-154 |  0.41, 0  |  0.46, 0  |
|    a2a     | 0.23, 2.9e-254 | 0.25, 9.7e-302 | 0.2, 3.3e-192 | 0.22, 9.8e-235 | 0.18, 1.3e-154 |      1, 0      |  0.38, 0  |  0.37, 0  |
| cvgSource  |    0.45, 0     |    0.51, 0     |    0.44, 0    |    0.48, 0     |    0.41, 0     |    0.38, 0     |    1, 0   |  0.91, 0  |
| cvgTarget  |    0.49, 0     |    0.55, 0     |    0.46, 0    |    0.52, 0     |    0.46, 0     |    0.37, 0     |  0.91, 0  |    1, 0   |
+------------+----------------+----------------+---------------+----------------+----------------+----------------+-----------+-----------+
